0 0.0828125 0.20078125 0.07265625 0.1390625
0 0.2875 0.37578125 0.09765625 0.1609375
0 0.2671875 0.103125 0.07265625 0.11796875
0 0.48515625 0.115625 0.1078125 0.13359375
0 0.5125 0.3 0.08671875 0.1734375
0 0.67265625 0.1203125 0.090625 0.1671875
0 0.7671875 0.11796875 0.084375 0.2078125
0 0.89609375 0.15234375 0.06640625 0.20234375
0 0.653125 0.38515625 0.09765625 0.2296875
0 0.934375 0.56015625 0.1125 0.23125
0 0.58515625 0.78984375 0.09765625 0.2046875
0 0.51328125 0.6234375 0.10234375 0.2296875
0 0.38125 0.87421875 0.0703125 0.25078125
0 0.134375 0.72265625 0.06328125 0.18515625
0 0.05078125 0.84375 0.08125 0.24375
0 0.1890625 0.63125 0.0984375 0.17109375
1 0.1140625 0.33046875 0.096875 0.17890625